{
 "cells": [
  {
   "cell_type": "code",
   "execution_count": 1,
   "id": "dfb2c321",
   "metadata": {},
   "outputs": [],
   "source": [
    "import pandas as pd"
   ]
  },
  {
   "cell_type": "code",
   "execution_count": 2,
   "id": "e90310bd",
   "metadata": {},
   "outputs": [],
   "source": [
    "dataset = pd.read_csv('bank.csv')"
   ]
  },
  {
   "cell_type": "code",
   "execution_count": 3,
   "id": "876ee9d0",
   "metadata": {},
   "outputs": [
    {
     "data": {
      "text/html": [
       "<div>\n",
       "<style scoped>\n",
       "    .dataframe tbody tr th:only-of-type {\n",
       "        vertical-align: middle;\n",
       "    }\n",
       "\n",
       "    .dataframe tbody tr th {\n",
       "        vertical-align: top;\n",
       "    }\n",
       "\n",
       "    .dataframe thead th {\n",
       "        text-align: right;\n",
       "    }\n",
       "</style>\n",
       "<table border=\"1\" class=\"dataframe\">\n",
       "  <thead>\n",
       "    <tr style=\"text-align: right;\">\n",
       "      <th></th>\n",
       "      <th>age</th>\n",
       "      <th>job</th>\n",
       "      <th>marital</th>\n",
       "      <th>education</th>\n",
       "      <th>default</th>\n",
       "      <th>balance</th>\n",
       "      <th>housing</th>\n",
       "      <th>loan</th>\n",
       "      <th>contact</th>\n",
       "      <th>day</th>\n",
       "      <th>month</th>\n",
       "      <th>duration</th>\n",
       "      <th>campaign</th>\n",
       "      <th>pdays</th>\n",
       "      <th>previous</th>\n",
       "      <th>poutcome</th>\n",
       "      <th>y</th>\n",
       "    </tr>\n",
       "  </thead>\n",
       "  <tbody>\n",
       "    <tr>\n",
       "      <th>0</th>\n",
       "      <td>58</td>\n",
       "      <td>management</td>\n",
       "      <td>married</td>\n",
       "      <td>tertiary</td>\n",
       "      <td>no</td>\n",
       "      <td>2143</td>\n",
       "      <td>yes</td>\n",
       "      <td>no</td>\n",
       "      <td>unknown</td>\n",
       "      <td>5</td>\n",
       "      <td>may</td>\n",
       "      <td>261</td>\n",
       "      <td>1</td>\n",
       "      <td>-1</td>\n",
       "      <td>0</td>\n",
       "      <td>unknown</td>\n",
       "      <td>no</td>\n",
       "    </tr>\n",
       "    <tr>\n",
       "      <th>1</th>\n",
       "      <td>44</td>\n",
       "      <td>technician</td>\n",
       "      <td>single</td>\n",
       "      <td>secondary</td>\n",
       "      <td>no</td>\n",
       "      <td>29</td>\n",
       "      <td>yes</td>\n",
       "      <td>no</td>\n",
       "      <td>unknown</td>\n",
       "      <td>5</td>\n",
       "      <td>may</td>\n",
       "      <td>151</td>\n",
       "      <td>1</td>\n",
       "      <td>-1</td>\n",
       "      <td>0</td>\n",
       "      <td>unknown</td>\n",
       "      <td>no</td>\n",
       "    </tr>\n",
       "    <tr>\n",
       "      <th>2</th>\n",
       "      <td>33</td>\n",
       "      <td>entrepreneur</td>\n",
       "      <td>married</td>\n",
       "      <td>secondary</td>\n",
       "      <td>no</td>\n",
       "      <td>2</td>\n",
       "      <td>yes</td>\n",
       "      <td>yes</td>\n",
       "      <td>unknown</td>\n",
       "      <td>5</td>\n",
       "      <td>may</td>\n",
       "      <td>76</td>\n",
       "      <td>1</td>\n",
       "      <td>-1</td>\n",
       "      <td>0</td>\n",
       "      <td>unknown</td>\n",
       "      <td>no</td>\n",
       "    </tr>\n",
       "    <tr>\n",
       "      <th>3</th>\n",
       "      <td>47</td>\n",
       "      <td>blue-collar</td>\n",
       "      <td>married</td>\n",
       "      <td>unknown</td>\n",
       "      <td>no</td>\n",
       "      <td>1506</td>\n",
       "      <td>yes</td>\n",
       "      <td>no</td>\n",
       "      <td>unknown</td>\n",
       "      <td>5</td>\n",
       "      <td>may</td>\n",
       "      <td>92</td>\n",
       "      <td>1</td>\n",
       "      <td>-1</td>\n",
       "      <td>0</td>\n",
       "      <td>unknown</td>\n",
       "      <td>no</td>\n",
       "    </tr>\n",
       "    <tr>\n",
       "      <th>4</th>\n",
       "      <td>33</td>\n",
       "      <td>unknown</td>\n",
       "      <td>single</td>\n",
       "      <td>unknown</td>\n",
       "      <td>no</td>\n",
       "      <td>1</td>\n",
       "      <td>no</td>\n",
       "      <td>no</td>\n",
       "      <td>unknown</td>\n",
       "      <td>5</td>\n",
       "      <td>may</td>\n",
       "      <td>198</td>\n",
       "      <td>1</td>\n",
       "      <td>-1</td>\n",
       "      <td>0</td>\n",
       "      <td>unknown</td>\n",
       "      <td>no</td>\n",
       "    </tr>\n",
       "  </tbody>\n",
       "</table>\n",
       "</div>"
      ],
      "text/plain": [
       "   age           job  marital  education default  balance housing loan  \\\n",
       "0   58    management  married   tertiary      no     2143     yes   no   \n",
       "1   44    technician   single  secondary      no       29     yes   no   \n",
       "2   33  entrepreneur  married  secondary      no        2     yes  yes   \n",
       "3   47   blue-collar  married    unknown      no     1506     yes   no   \n",
       "4   33       unknown   single    unknown      no        1      no   no   \n",
       "\n",
       "   contact  day month  duration  campaign  pdays  previous poutcome   y  \n",
       "0  unknown    5   may       261         1     -1         0  unknown  no  \n",
       "1  unknown    5   may       151         1     -1         0  unknown  no  \n",
       "2  unknown    5   may        76         1     -1         0  unknown  no  \n",
       "3  unknown    5   may        92         1     -1         0  unknown  no  \n",
       "4  unknown    5   may       198         1     -1         0  unknown  no  "
      ]
     },
     "execution_count": 3,
     "metadata": {},
     "output_type": "execute_result"
    }
   ],
   "source": [
    "dataset.head()"
   ]
  },
  {
   "cell_type": "code",
   "execution_count": 4,
   "id": "a3d65eb6",
   "metadata": {},
   "outputs": [],
   "source": [
    "cate = []\n",
    "nume = []\n",
    "for col in dataset.columns:\n",
    "    if dataset[col].dtype == object:\n",
    "        cate.append(col)\n",
    "    else:\n",
    "        nume.append(col) "
   ]
  },
  {
   "cell_type": "code",
   "execution_count": 5,
   "id": "d63c4d4e",
   "metadata": {},
   "outputs": [
    {
     "name": "stdout",
     "output_type": "stream",
     "text": [
      "['job', 'marital', 'education', 'default', 'housing', 'loan', 'contact', 'month', 'poutcome', 'y']\n",
      "['age', 'balance', 'day', 'duration', 'campaign', 'pdays', 'previous']\n"
     ]
    }
   ],
   "source": [
    "print(cate)\n",
    "print(nume)"
   ]
  },
  {
   "cell_type": "code",
   "execution_count": 6,
   "id": "fea64a32",
   "metadata": {},
   "outputs": [
    {
     "name": "stdout",
     "output_type": "stream",
     "text": [
      "              job   marital        age      balance        day    duration  \\\n",
      "0          admin.  divorced  43.077333   878.333333  15.425333  259.945333   \n",
      "1          admin.   married  41.502414  1281.409580  15.772744  242.796881   \n",
      "2          admin.    single  34.197917  1020.739005  15.299769  247.622685   \n",
      "3     blue-collar  divorced  43.493333   820.806667  14.970667  273.453333   \n",
      "4     blue-collar   married  41.549799  1113.165901  15.504162  255.627009   \n",
      "5     blue-collar    single  33.550149  1056.105263  15.405164  284.140516   \n",
      "6    entrepreneur  divorced  45.787709  1155.983240  15.458101  256.396648   \n",
      "7    entrepreneur   married  43.100935  1643.387850  15.757009  251.028972   \n",
      "8    entrepreneur    single  35.394958  1248.235294  15.638655  279.983193   \n",
      "9       housemaid  divorced  50.135870  1573.222826  16.059783  257.918478   \n",
      "10      housemaid   married  46.826754  1248.173246  16.105263  237.542763   \n",
      "11      housemaid    single  39.055556  2074.743056  15.277778  282.826389   \n",
      "12     management  divorced  45.348335  1618.073807  16.016202  256.383438   \n",
      "13     management   married  42.684444  1828.159444  16.038333  251.433889   \n",
      "14     management    single  34.507635  1700.219545  16.290126  257.789956   \n",
      "15        retired  divorced  62.790588  1507.835294  15.882353  303.823529   \n",
      "16        retired   married  61.753322  2140.098787  15.378394  286.749856   \n",
      "17        retired    single  55.018519  1360.388889  14.675926  232.379630   \n",
      "18  self-employed  divorced  45.142857  2426.350000  15.828571  291.335714   \n",
      "19  self-employed   married  42.931521  1644.948640  16.105740  248.513595   \n",
      "20  self-employed    single  33.573991  1410.365471  15.917040  304.616592   \n",
      "21       services  divorced  42.998179   834.304189  15.320583  262.843352   \n",
      "22       services   married  40.692148  1088.847528  15.830494  252.961363   \n",
      "23       services    single  32.867279   887.324708  15.388147  270.476628   \n",
      "24        student  divorced  34.166667  1101.000000  16.000000  225.500000   \n",
      "25        student   married  30.944444  1164.796296  16.648148  252.925926   \n",
      "26        student    single  26.219818  1403.753986  14.782460  246.415718   \n",
      "27     technician  divorced  43.456216   924.048649  16.806486  241.023784   \n",
      "28     technician   married  41.854640  1307.399556  16.425222  246.574038   \n",
      "29     technician    single  33.924046  1283.938168  16.242366  266.890840   \n",
      "30     unemployed  divorced  45.485380  1409.643275  15.754386  268.005848   \n",
      "31     unemployed   married  43.443228  1568.632011  15.939808  282.735978   \n",
      "32     unemployed    single  34.508728  1484.079800  14.583541  307.887781   \n",
      "33        unknown  divorced  51.117647  1706.294118  13.294118  255.411765   \n",
      "34        unknown   married  50.285714  1788.128079  14.665025  230.832512   \n",
      "35        unknown    single  38.676471  1741.794118  14.911765  253.397059   \n",
      "\n",
      "    campaign      pdays  previous  \n",
      "0   2.393333  55.498667  0.613333  \n",
      "1   2.695878  41.813962  0.591162  \n",
      "2   2.466435  53.964120  0.822338  \n",
      "3   2.574667  47.208000  0.566667  \n",
      "4   2.898106  42.605913  0.494690  \n",
      "5   2.626614  47.790467  0.518371  \n",
      "6   2.731844  28.871508  0.374302  \n",
      "7   2.903738  32.625234  0.458879  \n",
      "8   2.382353  34.579832  0.642857  \n",
      "9   2.548913  20.771739  0.402174  \n",
      "10  2.932018  19.222588  0.356360  \n",
      "11  2.465278  36.902778  0.430556  \n",
      "12  2.787579  37.941494  0.638164  \n",
      "13  2.875741  37.341852  0.671667  \n",
      "14  2.872413  41.363760  0.672548  \n",
      "15  2.421176  45.178824  0.581176  \n",
      "16  2.323512  35.717504  0.663200  \n",
      "17  2.425926  34.675926  0.472222  \n",
      "18  2.428571  35.214286  0.600000  \n",
      "19  3.166163  33.616314  0.547835  \n",
      "20  2.289238  37.118834  0.544843  \n",
      "21  2.519126  44.083789  0.528233  \n",
      "22  2.859992  39.719983  0.483174  \n",
      "23  2.525042  45.609349  0.525042  \n",
      "24  2.666667  56.666667  0.500000  \n",
      "25  2.592593  51.277778  1.037037  \n",
      "26  2.279043  57.398633  0.951025  \n",
      "27  2.929730  31.029189  0.465946  \n",
      "28  2.919052  36.680405  0.575025  \n",
      "29  2.879771  40.167939  0.612214  \n",
      "30  2.286550  43.315789  0.426901  \n",
      "31  2.536252  31.580027  0.485636  \n",
      "32  2.304239  34.915212  0.448878  \n",
      "33  2.882353  31.823529  0.470588  \n",
      "34  3.596059  19.300493  0.334975  \n",
      "35  2.558824  23.294118  0.235294  \n"
     ]
    }
   ],
   "source": []
  },
  {
   "cell_type": "code",
   "execution_count": 7,
   "id": "4fb1f9c0",
   "metadata": {},
   "outputs": [
    {
     "name": "stdout",
     "output_type": "stream",
     "text": [
      "Enter Howmany columns you need to groupby in 'Categorical Columns' 2\n",
      "Enter the names of groupby Columns from 'Categorical Columns'marital job\n",
      "     marital            job        age      balance        day    duration  \\\n",
      "0   divorced         admin.  43.077333   878.333333  15.425333  259.945333   \n",
      "1   divorced    blue-collar  43.493333   820.806667  14.970667  273.453333   \n",
      "2   divorced   entrepreneur  45.787709  1155.983240  15.458101  256.396648   \n",
      "3   divorced      housemaid  50.135870  1573.222826  16.059783  257.918478   \n",
      "4   divorced     management  45.348335  1618.073807  16.016202  256.383438   \n",
      "5   divorced        retired  62.790588  1507.835294  15.882353  303.823529   \n",
      "6   divorced  self-employed  45.142857  2426.350000  15.828571  291.335714   \n",
      "7   divorced       services  42.998179   834.304189  15.320583  262.843352   \n",
      "8   divorced        student  34.166667  1101.000000  16.000000  225.500000   \n",
      "9   divorced     technician  43.456216   924.048649  16.806486  241.023784   \n",
      "10  divorced     unemployed  45.485380  1409.643275  15.754386  268.005848   \n",
      "11  divorced        unknown  51.117647  1706.294118  13.294118  255.411765   \n",
      "12   married         admin.  41.502414  1281.409580  15.772744  242.796881   \n",
      "13   married    blue-collar  41.549799  1113.165901  15.504162  255.627009   \n",
      "14   married   entrepreneur  43.100935  1643.387850  15.757009  251.028972   \n",
      "15   married      housemaid  46.826754  1248.173246  16.105263  237.542763   \n",
      "16   married     management  42.684444  1828.159444  16.038333  251.433889   \n",
      "17   married        retired  61.753322  2140.098787  15.378394  286.749856   \n",
      "18   married  self-employed  42.931521  1644.948640  16.105740  248.513595   \n",
      "19   married       services  40.692148  1088.847528  15.830494  252.961363   \n",
      "20   married        student  30.944444  1164.796296  16.648148  252.925926   \n",
      "21   married     technician  41.854640  1307.399556  16.425222  246.574038   \n",
      "22   married     unemployed  43.443228  1568.632011  15.939808  282.735978   \n",
      "23   married        unknown  50.285714  1788.128079  14.665025  230.832512   \n",
      "24    single         admin.  34.197917  1020.739005  15.299769  247.622685   \n",
      "25    single    blue-collar  33.550149  1056.105263  15.405164  284.140516   \n",
      "26    single   entrepreneur  35.394958  1248.235294  15.638655  279.983193   \n",
      "27    single      housemaid  39.055556  2074.743056  15.277778  282.826389   \n",
      "28    single     management  34.507635  1700.219545  16.290126  257.789956   \n",
      "29    single        retired  55.018519  1360.388889  14.675926  232.379630   \n",
      "30    single  self-employed  33.573991  1410.365471  15.917040  304.616592   \n",
      "31    single       services  32.867279   887.324708  15.388147  270.476628   \n",
      "32    single        student  26.219818  1403.753986  14.782460  246.415718   \n",
      "33    single     technician  33.924046  1283.938168  16.242366  266.890840   \n",
      "34    single     unemployed  34.508728  1484.079800  14.583541  307.887781   \n",
      "35    single        unknown  38.676471  1741.794118  14.911765  253.397059   \n",
      "\n",
      "    campaign      pdays  previous  \n",
      "0   2.393333  55.498667  0.613333  \n",
      "1   2.574667  47.208000  0.566667  \n",
      "2   2.731844  28.871508  0.374302  \n",
      "3   2.548913  20.771739  0.402174  \n",
      "4   2.787579  37.941494  0.638164  \n",
      "5   2.421176  45.178824  0.581176  \n",
      "6   2.428571  35.214286  0.600000  \n",
      "7   2.519126  44.083789  0.528233  \n",
      "8   2.666667  56.666667  0.500000  \n",
      "9   2.929730  31.029189  0.465946  \n",
      "10  2.286550  43.315789  0.426901  \n",
      "11  2.882353  31.823529  0.470588  \n",
      "12  2.695878  41.813962  0.591162  \n",
      "13  2.898106  42.605913  0.494690  \n",
      "14  2.903738  32.625234  0.458879  \n",
      "15  2.932018  19.222588  0.356360  \n",
      "16  2.875741  37.341852  0.671667  \n",
      "17  2.323512  35.717504  0.663200  \n",
      "18  3.166163  33.616314  0.547835  \n",
      "19  2.859992  39.719983  0.483174  \n",
      "20  2.592593  51.277778  1.037037  \n",
      "21  2.919052  36.680405  0.575025  \n",
      "22  2.536252  31.580027  0.485636  \n",
      "23  3.596059  19.300493  0.334975  \n",
      "24  2.466435  53.964120  0.822338  \n",
      "25  2.626614  47.790467  0.518371  \n",
      "26  2.382353  34.579832  0.642857  \n",
      "27  2.465278  36.902778  0.430556  \n",
      "28  2.872413  41.363760  0.672548  \n",
      "29  2.425926  34.675926  0.472222  \n",
      "30  2.289238  37.118834  0.544843  \n",
      "31  2.525042  45.609349  0.525042  \n",
      "32  2.279043  57.398633  0.951025  \n",
      "33  2.879771  40.167939  0.612214  \n",
      "34  2.304239  34.915212  0.448878  \n",
      "35  2.558824  23.294118  0.235294  \n"
     ]
    }
   ],
   "source": [
    "n = int(input(\"Enter Howmany columns you need to groupby in 'Categorical Columns' \"))\n",
    "cate_col = list(map(str,input(\"Enter the names of groupby Columns from 'Categorical Columns'\").strip().split()))[:n]\n",
    "print(dataset.groupby(cate_col, as_index=False).mean())"
   ]
  },
  {
   "cell_type": "code",
   "execution_count": null,
   "id": "6dc60e2a",
   "metadata": {},
   "outputs": [],
   "source": []
  }
 ],
 "metadata": {
  "kernelspec": {
   "display_name": "Python 3 (ipykernel)",
   "language": "python",
   "name": "python3"
  },
  "language_info": {
   "codemirror_mode": {
    "name": "ipython",
    "version": 3
   },
   "file_extension": ".py",
   "mimetype": "text/x-python",
   "name": "python",
   "nbconvert_exporter": "python",
   "pygments_lexer": "ipython3",
   "version": "3.9.12"
  }
 },
 "nbformat": 4,
 "nbformat_minor": 5
}
